frame1:
  x: 0.064
  y: 0.0
  z: -0.07745

frame2:
  x: -0.13555
  y: 0.0
  z: -0.07745

frame3:
  x: -0.04657
  y: 0.0
  z: 0.01582

frame4:
  x: -0.04657
  y: 0.1567
  z: -0.21247

